p = [1.5454545454545454, 1.996934396076027, 4.105063473634544, 2.294699057784577, 2.478726303781661, 2.7513680292117084, 2.683084474408058, 2.6903981336828204, 2.6906484961992585, 2.690647447883773] with iteration 11
p = [-5.0, 1.206896551724138, 1.4266610061558056, -114.22836915960417, 1.4271313065521838, 1.4276015944961622, 16.742225912926067, 1.4504490732554238, 1.4732239458846859, 12.37176860253067, 1.515368532604505, 1.5571430011996976, 8.048605974562399, 1.6574930049245378, 1.7541637510087376, 4.770268911331282, 2.0263172153110296, 2.239619367625506, 2.980253941011772, 2.6144548825630007, 2.6793896399176624, 2.691139519197705, 2.69064436502254, 2.690647447188015] with iteration 25
